1,0.0139251552356026
1,0.0128052471956551
1,0.0110455216974123
1,0.0100365422448841
1,0.0112913593385706
1,0.0124696460545116
1,0.0119693933032522
1,0.0506508954387922
1,0.022698830813695
1,0.0183016215940951
1,0.0160315411464122
1,0.0144865567284072
1,0.0135002987637529
1,0.0131156445159852
1,0.0131788244677953
1,0.0126769596647385
1,0.0125361163718484
1,0.0123473356792652
1,0.0121939315547587
1,0.0120699132989211
1,0.0299101411085388
1,0.0211205601658264
1,0.0188715475919558
1,0.0176190489943481
1,0.0168154301130361
1,0.0161291167476245
1,0.0154938453427437
1,0.0153475186368506
1,0.014877831011844
1,0.0146706802216084
1,0.014521546344877
1,0.0143274068892162
1,0.0341428650426627
1,0.0201091615850402
1,0.0169374393232935
1,0.0155070091203175
1,0.0147401633343972
1,0.0141757723185756
1,0.0137560883516559
1,0.013460212422894
1,0.0132301017654334
1,0.0130659577401359
1,0.0128699481347566
1,0.012826617695099
1,0.0126921326205477
1,0.0311715848590659
1,0.0260721123533581
1,0.0230716138016314
1,0.0215203620037507
1,0.0209418951872618
1,0.0203985704293271
1,0.0200342777592206
1,0.0193868872043087
1,0.0193131931880797
1,0.0192580047060898
1,0.0192225799513579
1,0.0190921722515597
1,0.0364824134636439
1,0.0236717445834931
1,0.0209702366503678
1,0.0199008783426729
1,0.0191713207527235
1,0.0187916505477635
1,0.0185825680033842
1,0.01848688215172
1,0.0183300105881313
1,0.0182361521590784
1,0.0181417172974952
1,0.0180259013919338
1,0.0179467270129584
1,0.026877870423946
1,0.0220741664916672
1,0.0207716823558024
1,0.0199248964943802
1,0.0196221987953316
1,0.0194399421741443
1,0.0192831783707681
1,0.0192305702025529
1,0.0190739736126746
1,0.0189260088098872
1,0.01876678259308
1,0.0187415123024182
1,0.0330590005027424
1,0.0230887588389716
1,0.0207897910085304
1,0.019861906492682
1,0.019298551011361
1,0.0189178469275911
1,0.0186793142785962
1,0.0184763521322652
1,0.0183696433252482
1,0.0182797728033386
1,0.0181850575277244
1,0.0181050759007625
1,0.0180402503524385
1,0.0246504891264998
1,0.021055455010016
1,0.0199324625421761
1,0.0194669361471015
1,0.0191580208057359
1,0.0187706813427264
1,0.0184974374712527
1,0.0183367358629962
1,0.0181594855028559
1,0.0180268474747465
1,0.017931587904425
1,0.0178613732937485
1,0.0308415877459773
1,0.0226994035701289
1,0.0208627596178544
1,0.0200584211225664
1,0.0194701045282279
1,0.0190276549202232
1,0.0188253992512657
1,0.018635253821077
1,0.0185079333125152
1,0.0183786178182456
1,0.0182488009176174
1,0.0181725434189769
1,0.01818249900328
1,0.0245961407798573
1,0.0210423432219521
1,0.0197346219489055
1,0.0191379723055952
1,0.0187462964621798
1,0.0185526161180803
1,0.018362915301752
1,0.0182214606512682
1,0.018109916422321
1,0.0180009702603031
1,0.0179524011531776
1,0.017940120907222
1,0.0287517076063466
1,0.0221187737654553
1,0.0210478333226289
1,0.0206280637347923
1,0.0201987218740972
1,0.0199812879617332
1,0.0198921773217866
1,0.0198448126527828
1,0.0197682217417001
1,0.0197895598142223
1,0.0197319159326202
1,0.0196280583845748
1,0.0195140869868323
1,0.0251401849935737
1,0.0220216551136365
1,0.0208816207389676
1,0.0204844908527749
1,0.0201516852675198
1,0.019922846519675
1,0.0196877854295399
1,0.0196358383110441
1,0.019564144814573
1,0.019566707776326
1,0.019513735144222
1,0.0194192031827498
1,0.0296200162658852
1,0.0229143137493348
1,0.0213789494433076
1,0.0206979294640931
1,0.0202908454863527
1,0.0200713472116133
1,0.0198438097230682
1,0.0196792374438722
1,0.0196239772227846
1,0.0195289894386466
1,0.0194464806055424
1,0.0193597236963045
1,0.0193395996930396
1,0.0230826139448421
1,0.0207790133128681
1,0.0198990287173393
1,0.0194781663673944
1,0.019232866385795
1,0.0190660174857551
1,0.0189700514452315
1,0.0188997352765319
1,0.0188061010823987
1,0.018756643882022
1,0.0186848851055414
1,0.0186505431303534
1,0.0264563817752009
1,0.0209497571226466
1,0.0197312446214232
1,0.019254709222999
1,0.0189919185950624
1,0.0187891100766687
1,0.0186449247806293
1,0.0185264441735572
1,0.0185335905255715
1,0.0185236150194339
1,0.0184440978957616
1,0.0184193061385364
1,0.0183963967091502
1,0.0225608380322272
1,0.0201139719292091
1,0.0193330005186573
1,0.0188503321131369
1,0.0185372390843798
1,0.018390811053173
1,0.018260582621453
1,0.0181359162265615
1,0.0180659320842706
1,0.0179817079891158
1,0.0179163854249106
1,0.0178644746477489
1,0.0229387551656386
1,0.0204503430674127
1,0.0196406396517105
1,0.0192713222664479
1,0.018973469051279
1,0.0188076666010614
1,0.0186932774172511
1,0.0185682827736006
1,0.0185359546107005
1,0.0185119124394264
1,0.0184739896421876
1,0.0184084380195076
1,0.018373608188343
1,0.0197972684061915
1,0.0194426602672792
1,0.0191994393838191
1,0.0190480973859138
1,0.0189383220205704
1,0.0188407126800902
1,0.0188102468805013
1,0.0188051187508148
1,0.0187435264023037
1,0.0186845610217157
1,0.0186573628267795
1,0.0186330396719704
1,0.0193490989744143
1,0.0192621667199948
1,0.0191336310877233
1,0.0190623818101935
1,0.0189912895493527
1,0.0189548627308311
1,0.0189111954454345
1,0.0188482442013412
1,0.0188317821103522
1,0.0187907401501071
1,0.0187517947889792
1,0.0187372912374915
1,0.0187077539586937
1,0.0189684130973618
1,0.0189285314367957
1,0.0188880541335541
1,0.0188644196698716
1,0.0188382904662463
1,0.0188060713847808
1,0.0187869313036717
1,0.0187789488129576
1,0.0187510571833796
1,0.0187331526178079
1,0.0187045666407884
1,0.0186805052156151
1,0.0189026330590607
1,0.0188773370670316
1,0.018878115560819
1,0.0188611580414746
1,0.0188578421408795
1,0.0188324806161672
0.999996140426714,0.0188296280587058
0.999996155132706,0.0188158719516541
0.999996169741726,0.018802321111936
0.999996184254709,0.018786389794849
0.999996198629226,0.0187755570636224
0.999996212895847,0.0187652874567656
0.999996226998842,0.0187680201282132
0.999996240304686,0.0189284859233743
0.999992508437372,0.0188919164249639
0.999992536032304,0.0188629842814384
0.999992563341737,0.0188400665853381
0.999992590726553,0.0187919717422499
0.999992617774185,0.0187596989229314
0.999992644733261,0.0187207652569135
0.999992671496151,0.0186838316858365
0.999992697985009,0.0186568317426716
0.99999272438894,0.0186224522771411
0.999992750523775,0.0185966358039377
0.999992776549791,0.0185654999172721
0.999992800809189,0.0187833254732694
0.999992826244467,0.0187969391308034
0.999992851449547,0.0188196831319562
0.999992876528875,0.018828882841991
0.999992901206085,0.018868145362408
0.999992925938109,0.0188732686323131
0.999992950423856,0.0188881985266709
0.99999297474068,0.0189021557158263
0.999992999012861,0.01890213013473
0.999993023044883,0.0189079785815954
0.999993046815789,0.0189216669178804
0.999993070377249,0.0189411843760106
0.999993093898805,0.0189475795065607
0.999993115792372,0.0190728454633718
0.999993139101291,0.0189429637992959
0.999993162182768,0.0188374496356002
0.999993184877243,0.0187713194418662
0.999993207559986,0.0186928172306267
0.999993230138071,0.0186099100099846
0.999993252407204,0.0185566140739502
0.999993274643388,0.0184897897867141
0.999993296778432,0.0184263977534502
0.999993318745929,0.0183690778762623
0.999993340569914,0.0183155336157245
0.99999336225179,0.0182658532556471
0.999993382326179,0.018493118718512
0.999993403998496,0.0184455463592831
0.999993425529327,0.0184066891385969
0.999993447005937,0.0183567689227111
0.999993468278696,0.0183148934198352
0.999993489413787,0.0182769766612175
0.99999351024408,0.0182607608414937
0.999993531046127,0.0182329024518964
0.999993551673663,0.0182107933493133
0.999993572232042,0.0181823825038514
0.999993592659751,0.01815798187713
0.999993613019222,0.0181260912581436
0.999993633148376,0.0181058944147415
0.99999365204309,0.0182759377856599
0.999993672087578,0.0182001880839718
0.999993691946192,0.0181370654021349
0.999993711700325,0.0180785509202435
0.999993731272176,0.0180306043345271
0.999993750859257,0.0179715535197143
0.999993770227293,0.0179248253882691
0.99999378945636,0.0178843960969633
0.999993808605419,0.0178423775851295
0.999993827636756,0.017802625878334
0.999993846570386,0.0177621823820438
0.999993865388214,0.0177258103704448
0.999993882725735,0.0179721558024258
0.999993901156036,0.0179595650073549
0.999993919568046,0.0179262968129196
0.999993937795722,0.0179092545501155
0.99999395591444,0.017893326719236
0.999993973834389,0.01789083689043
0.999993991702541,0.0178825483122344
0.999994009536817,0.0178602147309805
0.999994027301206,0.0178349671694753
0.999994044854158,0.0178287065411948
0.999994062251357,0.0178285336373166
0.999994079687407,0.0178070220220865
0.999994096951666,0.0177960348487116
0.999994113110691,0.0180059355907811
0.999994130163622,0.0179881360219667
0.999994147169425,0.0179631622512041
0.999994164008859,0.0179504931932714
0.999994180717808,0.0179444227736818
0.999994197415529,0.0179261071540944
0.999994213867046,0.0179346387600191
0.999994230308765,0.0179271857667559
0.999994246574554,0.0179352839422941
0.999994262847636,0.0179241778210865
0.999994279110745,0.0179025848805725
0.999994295330728,0.0178758658018073
0.999994310585156,0.0180430104229477
0.999994326579126,0.017991821817935
0.999994342451416,0.0179563266605176
0.999994358235143,0.0179208935009516
0.999994373851914,0.0179002334522638
0.999994389445425,0.0178736275045469
0.9999944050623,0.0178293165126902
0.999994420499086,0.0178027103650511
0.999994435819965,0.0177823206799813
0.999994451118516,0.0177543295221496
0.99999446631786,0.0177290836924278
0.999994481418938,0.0177069363894596
0.999994496558974,0.0176691962979396
